0.000000 2920.938051 2436.255696 0.000000 0.000000 0.000000 2436.255696 0.000000 1654.562869 1954.443841 1917.194123 2218.216363 2218.216363 0.000000 2914.993241 1499.360941 1499.360941 2914.993241 0.000000 2186.759176 1922.308504 0.000000 0.000000 90.768415 2859.564681 0.000000
2920.938051 0.000000 648.641462 2920.938051 2920.938051 2920.938051 648.641462 2920.938051 1266.591512 1058.638965 4819.726201 5052.944081 5052.944081 2920.938051 32.328895 1458.281732 1458.281732 32.328895 2920.938051 5052.436105 1358.811196 2920.938051 2920.938051 2833.843659 218.825627 2920.938051
2436.255696 648.641462 0.000000 2436.255696 2436.255696 2436.255696 0.000000 2436.255696 838.406523 483.643965 4353.301398 4629.234148 4629.234148 2436.255696 663.607132 1114.639962 1114.639962 663.607132 2436.255696 4612.391584 1288.742515 2436.255696 2436.255696 2354.564731 484.181001 2436.255696
0.000000 2920.938051 2436.255696 0.000000 0.000000 0.000000 2436.255696 0.000000 1654.562869 1954.443841 1917.194123 2218.216363 2218.216363 0.000000 2914.993241 1499.360941 1499.360941 2914.993241 0.000000 2186.759176 1922.308504 0.000000 0.000000 90.768415 2859.564681 0.000000
0.000000 2920.938051 2436.255696 0.000000 0.000000 0.000000 2436.255696 0.000000 1654.562869 1954.443841 1917.194123 2218.216363 2218.216363 0.000000 2914.993241 1499.360941 1499.360941 2914.993241 0.000000 2186.759176 1922.308504 0.000000 0.000000 90.768415 2859.564681 0.000000
0.000000 2920.938051 2436.255696 0.000000 0.000000 0.000000 2436.255696 0.000000 1654.562869 1954.443841 1917.194123 2218.216363 2218.216363 0.000000 2914.993241 1499.360941 1499.360941 2914.993241 0.000000 2186.759176 1922.308504 0.000000 0.000000 90.768415 2859.564681 0.000000
2436.255696 648.641462 0.000000 2436.255696 2436.255696 2436.255696 0.000000 2436.255696 838.406523 483.643965 4353.301398 4629.234148 4629.234148 2436.255696 663.607132 1114.639962 1114.639962 663.607132 2436.255696 4612.391584 1288.742515 2436.255696 2436.255696 2354.564731 484.181001 2436.255696
0.000000 2920.938051 2436.255696 0.000000 0.000000 0.000000 2436.255696 0.000000 1654.562869 1954.443841 1917.194123 2218.216363 2218.216363 0.000000 2914.993241 1499.360941 1499.360941 2914.993241 0.000000 2186.759176 1922.308504 0.000000 0.000000 90.768415 2859.564681 0.000000
1654.562869 1266.591512 838.406523 1654.562869 1654.562869 1654.562869 838.406523 1654.562869 0.000000 428.476491 3559.267981 3811.640456 3811.640456 1654.562869 1261.317596 304.013686 304.013686 1261.317596 1654.562869 3802.619616 760.811325 1654.562869 1654.562869 1567.847021 1212.533326 1654.562869
1954.443841 1058.638965 483.643965 1954.443841 1954.443841 1954.443841 483.643965 1954.443841 428.476491 0.000000 3871.634589 4154.053482 4154.053482 1954.443841 1063.902240 732.058647 732.058647 1063.902240 1954.443841 4134.197227 1094.893952 1954.443841 1954.443841 1873.633566 940.633688 1954.443841
1917.194123 4819.726201 4353.301398 1917.194123 1917.194123 1917.194123 4353.301398 1917.194123 3559.267981 3871.634589 0.000000 496.840239 496.840239 1917.194123 4811.484327 3369.762644 3369.762644 4811.484327 1917.194123 363.509894 3684.748189 1917.194123 1917.194123 1998.953446 4770.347877 1917.194123
2218.216363 5052.944081 4629.234148 2218.216363 2218.216363 2218.216363 4629.234148 2218.216363 3811.640456 4154.053482 496.840239 0.000000 0.000000 2218.216363 5041.951420 3594.662481 3594.662481 5041.951420 2218.216363 163.336287 3845.399183 2218.216363 2218.216363 2291.056980 5022.542271 2218.216363
2218.216363 5052.944081 4629.234148 2218.216363 2218.216363 2218.216363 4629.234148 2218.216363 3811.640456 4154.053482 496.840239 0.000000 0.000000 2218.216363 5041.951420 3594.662481 3594.662481 5041.951420 2218.216363 163.336287 3845.399183 2218.216363 2218.216363 2291.056980 5022.542271 2218.216363
0.000000 2920.938051 2436.255696 0.000000 0.000000 0.000000 2436.255696 0.000000 1654.562869 1954.443841 1917.194123 2218.216363 2218.216363 0.000000 2914.993241 1499.360941 1499.360941 2914.993241 0.000000 2186.759176 1922.308504 0.000000 0.000000 90.768415 2859.564681 0.000000
2914.993241 32.328895 663.607132 2914.993241 2914.993241 2914.993241 663.607132 2914.993241 1261.317596 1063.902240 4811.484327 5041.951420 5041.951420 2914.993241 0.000000 1447.505280 1447.505280 0.000000 2914.993241 5042.432907 1336.735266 2914.993241 2914.993241 2827.621754 247.532735 2914.993241
1499.360941 1458.281732 1114.639962 1499.360941 1499.360941 1499.360941 1114.639962 1499.360941 304.013686 732.058647 3369.762644 3594.662481 3594.662481 1499.360941 1447.505280 0.000000 0.000000 1447.505280 1499.360941 3595.249141 581.782778 1499.360941 1499.360941 1409.353037 1439.608977 1499.360941
1499.360941 1458.281732 1114.639962 1499.360941 1499.360941 1499.360941 1114.639962 1499.360941 304.013686 732.058647 3369.762644 3594.662481 3594.662481 1499.360941 1447.505280 0.000000 0.000000 1447.505280 1499.360941 3595.249141 581.782778 1499.360941 1499.360941 1409.353037 1439.608977 1499.360941
2914.993241 32.328895 663.607132 2914.993241 2914.993241 2914.993241 663.607132 2914.993241 1261.317596 1063.902240 4811.484327 5041.951420 5041.951420 2914.993241 0.000000 1447.505280 1447.505280 0.000000 2914.993241 5042.432907 1336.735266 2914.993241 2914.993241 2827.621754 247.532735 2914.993241
0.000000 2920.938051 2436.255696 0.000000 0.000000 0.000000 2436.255696 0.000000 1654.562869 1954.443841 1917.194123 2218.216363 2218.216363 0.000000 2914.993241 1499.360941 1499.360941 2914.993241 0.000000 2186.759176 1922.308504 0.000000 0.000000 90.768415 2859.564681 0.000000
2186.759176 5052.436105 4612.391584 2186.759176 2186.759176 2186.759176 4612.391584 2186.759176 3802.619616 4134.197227 363.509894 163.336287 163.336287 2186.759176 5042.432907 3595.249141 3595.249141 5042.432907 2186.759176 0.000000 3868.706132 2186.759176 2186.759176 2263.294532 5015.024413 2186.759176
1922.308504 1358.811196 1288.742515 1922.308504 1922.308504 1922.308504 1288.742515 1922.308504 760.811325 1094.893952 3684.748189 3845.399183 3845.399183 1922.308504 1336.735266 581.782778 581.782778 1336.735266 1922.308504 3868.706132 0.000000 1922.308504 1922.308504 1832.118747 1428.682994 1922.308504
0.000000 2920.938051 2436.255696 0.000000 0.000000 0.000000 2436.255696 0.000000 1654.562869 1954.443841 1917.194123 2218.216363 2218.216363 0.000000 2914.993241 1499.360941 1499.360941 2914.993241 0.000000 2186.759176 1922.308504 0.000000 0.000000 90.768415 2859.564681 0.000000
0.000000 2920.938051 2436.255696 0.000000 0.000000 0.000000 2436.255696 0.000000 1654.562869 1954.443841 1917.194123 2218.216363 2218.216363 0.000000 2914.993241 1499.360941 1499.360941 2914.993241 0.000000 2186.759176 1922.308504 0.000000 0.000000 90.768415 2859.564681 0.000000
90.768415 2833.843659 2354.564731 90.768415 90.768415 90.768415 2354.564731 90.768415 1567.847021 1873.633566 1998.953446 2291.056980 2291.056980 90.768415 2827.621754 1409.353037 1409.353037 2827.621754 90.768415 2263.294532 1832.118747 90.768415 90.768415 0.000000 2774.595655 90.768415
2859.564681 218.825627 484.181001 2859.564681 2859.564681 2859.564681 484.181001 2859.564681 1212.533326 940.633688 4770.347877 5022.542271 5022.542271 2859.564681 247.532735 1439.608977 1439.608977 247.532735 2859.564681 5015.024413 1428.682994 2859.564681 2859.564681 2774.595655 0.000000 2859.564681
0.000000 2920.938051 2436.255696 0.000000 0.000000 0.000000 2436.255696 0.000000 1654.562869 1954.443841 1917.194123 2218.216363 2218.216363 0.000000 2914.993241 1499.360941 1499.360941 2914.993241 0.000000 2186.759176 1922.308504 0.000000 0.000000 90.768415 2859.564681 0.000000
